0.4274804758024402,-0.1915771510830382,0.81
0.4273281320463866,-0.19187011984467972,0.81
0.42691797578008844,-0.1921337917301571,0.81
0.425792975735385,-0.1911962916929042,0.81
0.42443360068136826,-0.18983398695127107,0.81
0.42428125692531465,-0.1895703150657937,0.81
0.42428125692531465,-0.1895703150657937,0.8300000000000001
0.42425781942438334,-0.1876953149912879,0.81
0.42401172566460443,-0.18807617438142188,0.81
0.42351953814504667,-0.18845703377155587,0.81
0.419980475504417,-0.18896972910442855,0.81
0.4190312567166984,-0.18927734630415216,0.81
0.4190312567166984,-0.18927734630415216,0.8300000000000001
0.42418750692158935,-0.1884423853334738,0.81
0.4239882881636731,-0.189057619732921,0.81
0.4240586006664671,-0.18992187757976353,0.81
0.42441016318043695,-0.19305664332932793,0.81
0.4247734444448724,-0.19553222936519887,0.81
0.4247265694430098,-0.19586914344108663,0.81
0.42452735068509356,-0.19622070595505647,0.81
0.42428125692531465,-0.19648437784053385,0.81
0.4219140693312511,-0.19608887001231778,0.81
0.41987500675022604,-0.19564941686985549,0.81
0.4192773504764773,-0.1952099637273932,0.81
0.4185507879476063,-0.19518066685122903,0.81
0.4185507879476063,-0.19518066685122903,0.8300000000000001
0.42192578808171677,-0.18920410411374178,0.81
0.42183203807799147,-0.18939453380880877,0.81
0.42183203807799147,-0.18961426038003992,0.81
0.4222773505956866,-0.19334961209096946,0.81
0.42216016309103,-0.1940820339950733,0.81
0.42216016309103,-0.1940820339950733,0.8300000000000001
0.41975781924556943,-0.18955566662771162,0.81
0.41962891299044713,-0.1897460963227786,0.81
0.41961719423998145,-0.1899365260178456,0.81
0.41987500675022604,-0.1935693386622006,0.81
0.41988672550069167,-0.19459472932794597,0.81
0.41988672550069167,-0.19459472932794597,0.8300000000000001
0.4140156315173954,-0.18916015879949555,0.81
0.41357031899970026,-0.18970215100853238,0.81
0.41323047523619605,-0.18980469007510692,0.81
0.4120468814391643,-0.18986328382743523,0.81
0.40905860007042066,-0.18973144788469654,0.81
0.407593756262213,-0.18942383068497293,0.81
0.40682031873147934,-0.18942383068497293,0.81
0.40682031873147934,-0.18942383068497293,0.8300000000000001
0.4137343815062195,-0.1902587916556513,0.81
0.41359375650063157,-0.19047851822688244,0.81
0.4136171940015629,-0.19068359636003152,0.81
0.41423828777624294,-0.19430176056630444,0.81
0.41405078776879234,-0.19478515902301297,0.81
0.4137929752585478,-0.19510742466081865,0.81
0.4112734439084306,-0.19523926060355734,0.81
0.4078632875229232,-0.19523926060355734,0.81
0.4072304749977775,-0.19503418247040827,0.81
0.4064335999661125,-0.1950781277846545,0.81
0.4064335999661125,-0.1950781277846545,0.8300000000000001
0.41083985014120117,-0.19022949477948714,0.81
0.41073438138701024,-0.19040527603647206,0.81
0.41073438138701024,-0.19083008074085228,0.81
0.4110625064000487,-0.1928222683200147,0.81
0.4110507876495831,-0.1935107449098723,0.81
0.4110507876495831,-0.1935107449098723,0.8300000000000001
0.40724219374824316,-0.18998047133209184,0.81
0.40739453750429677,-0.190200197903323,0.81
0.407523443759419,-0.1913281276356429,0.81
0.40772266251733524,-0.1935693386622006,0.81
0.4076757875154726,-0.1942578152520582,0.81
0.4076757875154726,-0.1942578152520582,0.8300000000000001
0.40322266233852133,-0.18927734630415216,0.81
0.4030468810815364,-0.18954101818962954,0.81
0.40263672481523827,-0.18984863538935315,0.81
0.4017226622789167,-0.1893212916183984,0.81
0.40064453723607585,-0.18854492440004833,0.81
0.399566412193235,-0.1876220728008775,0.81
0.3985351621522568,-0.186567385258968,0.81
0.3982656308915466,-0.18617187743075192,0.81
0.3982656308915466,-0.18617187743075192,0.8300000000000001
0.39980078720254825,-0.18829590095265303,0.81
0.3994726621895097,-0.1883691431430634,0.81
0.3990625059232116,-0.18867676034278702,0.81
0.3986640684073791,-0.1886914087808691,0.81
0.396660162077751,-0.18858886971429456,0.81
0.39494922450976444,-0.18833984626689926,0.81
0.39418750572949646,-0.18842773689539172,0.81
0.39418750572949646,-0.18842773689539172,0.8300000000000001
0.4035625061020255,-0.19291015894850716,0.81
0.4029179748264141,-0.19436035431863274,0.81
0.40243750605732204,-0.19479980746109504,0.81
0.40243750605732204,-0.19479980746109504,0.8300000000000001
0.40077344349119814,-0.19047851822688244,0.81
0.40069141223793847,-0.19110840106441174,0.81
0.40072656848933547,-0.19166504171153065,0.81
0.4011132872547023,-0.19418457306164782,0.81
0.40158203727332875,-0.19652832315478008,0.81
0.40159375602379443,-0.19717285443039145,0.81
0.40159375602379443,-0.19717285443039145,0.8300000000000001
0.40052734973141924,-0.1925146511202911,0.81
0.400222662219312,-0.19292480738658924,0.81
0.3993554746848531,-0.19247070580604486,0.81
0.39871094340924174,-0.19198730734933633,0.81
0.397492193360813,-0.1908154323027702,0.81
0.39694141208892686,-0.19009765883674845,0.81
0.3965781308244914,-0.1895117213134654,0.81
0.3965429745730944,-0.18930664318031631,0.81
0.3964492245693691,-0.18926269786607008,0.81
0.3964492245693691,-0.18926269786607008,0.8300000000000001
0.39812500588595867,-0.19198730734933633,0.81
0.39737500585615637,-0.19210449485399295,0.81
0.39531250577419996,-0.19195801047317218,0.81
0.3948203182546422,-0.19208984641591087,0.81
0.3950546932639554,-0.1928222683200147,0.81
0.39616797455819325,-0.1945800808898639,0.81
0.39616797455819325,-0.1945800808898639,0.8300000000000001
0.4003515684744343,-0.1965722684690263,0.81
0.3999062559567392,-0.19692383098299615,0.81
0.39913281842600556,-0.19603027625998948,0.81
0.3983828183962032,-0.1949462918419158,0.81
0.3983125058934093,-0.1949462918419158,0.81
0.3983125058934093,-0.1949462918419158,0.8300000000000001
0.3993085996829905,-0.1929541042627534,0.81
0.3993554746848531,-0.19310058864357416,0.81
0.3992265684297308,-0.193452151157544,0.81
0.3971171933459118,-0.19567871374601964,0.81
0.39606250580400226,-0.19717285443039145,0.81
0.3958515682956204,-0.19822754197230097,0.81
0.3957343807909638,-0.19941406545694917,0.81
0.3957343807909638,-0.19941406545694917,0.8300000000000001
0.39076563059352337,-0.19191406515892595,0.81
0.3902031305711716,-0.192690432377276,0.81
0.3847539116046391,-0.19252929955837317,0.81
0.3844375053420663,-0.19222168235864956,0.81
0.3844375053420663,-0.19222168235864956,0.8300000000000001
0.3866640679305419,-0.1878710962482728,0.81
0.3864414116716944,-0.18817871344799642,0.81
0.38598438040353356,-0.1885009790858021,0.81
0.38508203661767765,-0.1885595728381304,0.81
0.38347656780388206,-0.18841308845730964,0.81
0.38348828655434775,-0.1891308619233314,0.81
0.3838164115673862,-0.1905664088553749,0.81
0.38430859908694404,-0.19342285428137984,0.81
0.3845546928467229,-0.19540039342246018,0.81
0.3845898490981199,-0.19630859658354893,0.81
0.3847773491055705,-0.19654297159286216,0.81
0.3847773491055705,-0.19654297159286216,0.8300000000000001
0.38774219297338275,-0.19686523723066784,0.81
0.3875898492173292,-0.19709961223998107,0.81
0.38707422419684007,-0.19743652631586883,0.81
0.38266797402175146,-0.19668945597368293,0.81
0.38266797402175146,-0.19668945597368293,0.8300000000000001
0.3780156300868839,-0.19053711197921075,0.81
0.37817969259340317,-0.19068359636003152,0.81
0.3782265675952658,-0.19084472917893436,0.81
0.37877734886715186,-0.1938183621095959,0.81
0.37876563011668624,-0.19440429963287897,0.81
0.3783671926008537,-0.19490234652766958,0.81
0.3773593800608069,-0.1944482449471252,0.81
0.3771718800533563,-0.1941992214997299,0.81
0.37712500505149366,-0.19397949492849875,0.81
0.37712500505149366,-0.19397949492849875,0.8300000000000001
0.37600000500679015,-0.1901855494652409,0.81
0.37621094251517206,-0.19053711197921075,0.81
0.3766796925337985,-0.19361328397644684,0.81
0.3767734425375238,-0.1947705105849309,0.81
0.3766796925337985,-0.19510742466081865,0.81
0.3766796925337985,-0.19510742466081865,0.8300000000000001
0.37857813010923563,-0.18923340098990593,0.81
0.3782851613475941,-0.18965820569428615,0.81
0.37796875508502126,-0.18989258070359938,0.81
0.37604688000865283,-0.18970215100853238,0.81
0.37423047368647533,-0.18921875255182385,0.81
0.3730585986399092,-0.18857422127621248,0.81
0.3721796923549846,-0.18779785405786242,0.81
0.37145312982611356,-0.18680176026828121,0.81
0.3711132860626094,-0.18602539304993115,0.81
0.3711132860626094,-0.18602539304993115,0.8300000000000001
0.37605859875911846,-0.19153320576879196,0.81
0.37594141125446184,-0.19198730734933633,0.81
0.3738203174201772,-0.19437500275671482,0.81
0.3731406298931688,-0.19529785435588565,0.81
0.37257812987081707,-0.19627929970738478,0.81
0.37237891111290083,-0.19731933881121222,0.81
0.37215625485405324,-0.19947265920927748,0.81
0.37215625485405324,-0.19947265920927748,0.8300000000000001
0.37426562993787227,-0.19107910418824758,0.81
0.373480473656673,-0.1923828151775524,0.81
0.3731054736417718,-0.19273437769152224,0.81
0.3731054736417718,-0.19273437769152224,0.8300000000000001
0.3720742236007936,-0.1906982447981136,0.81
0.3711250048130751,-0.19242676049179863,0.81
0.37073828604770825,-0.19289551051042508,0.81
0.3701640672748908,-0.19321777614823077,0.81
0.3701640672748908,-0.19321777614823077,0.8300000000000001
0.4255468819756061,-0.20386719063390046,0.81
0.4254179757204838,-0.20462890941416845,0.81
0.42605078824562953,-0.2102246127615217,0.81
0.42603906949516385,-0.21082519872288685,0.81
0.42595703824190423,-0.2111767612368567,0.81
0.42595703824190423,-0.2111767612368567,0.8300000000000001
0.42704688203521074,-0.20524414381361566,0.81
0.4265664132661186,-0.20585937821306288,0.81
0.4264609445119277,-0.20588867508922704,0.81
0.42412891316926105,-0.20618164385086857,0.81
0.4239296944113448,-0.20599121415580157,0.81
0.4239296944113448,-0.20599121415580157,0.8300000000000001
0.4275976633070968,-0.20880371426756028,0.81
0.42737500704824927,-0.2090966830292018,0.81
0.42704688203521074,-0.20933105803851504,0.81
0.42432813192717733,-0.20865722988673951,0.81
0.42410547566832973,-0.20836426112509798,0.81
0.42410547566832973,-0.20836426112509798,0.8300000000000001
0.42332031938713044,-0.20156738585501444,0.81
0.42319141313200814,-0.2024023468256928,0.81
0.42364844440016897,-0.20644531573634595,0.81
0.4240351631655358,-0.2120410190836992,0.81
0.4239531319122761,-0.21283203474013135,0.81
0.4237656319048256,-0.2134179722634144,0.81
0.4237656319048256,-0.2134179722634144,0.8300000000000001
0.42242969435174016,-0.20401367501472123,0.81
0.4221132880891673,-0.20448242503334768,0.81
0.4195820379885845,-0.20525879225169774,0.81
0.4195820379885845,-0.20525879225169774,0.8300000000000001
0.4223593818489462,-0.20489258129964583,0.81
0.4222421943442896,-0.20512695630895905,0.81
0.4227226631133817,-0.20921387053385843,0.81
0.42265235061058776,-0.2100488315045368,0.81
0.4222070380928926,-0.21050293308508117,0.81
0.42150391306495294,-0.21015137057111133,0.81
0.41982813174836336,-0.2095361361716641,0.81
0.41982813174836336,-0.2095361361716641,0.8300000000000001
0.4211757880519144,-0.20580078446073458,0.81
0.42143360056215895,-0.20807129236345645,0.81
0.42137500680983064,-0.20883301114372443,0.81
0.42137500680983064,-0.20883301114372443,0.8300000000000001
0.42337891313945875,-0.2068554720026441,0.81
0.4232031318824738,-0.20723633139277808,0.81
0.4228984443703666,-0.20738281577359885,0.81
0.42043750677257774,-0.20733887045935262,0.81
0.4201914130127989,-0.2071044954500394,0.81
0.4201914130127989,-0.2071044954500394,0.8300000000000001
0.41968750674277544,-0.2055371125752572,0.81
0.41980469424743205,-0.20581543289881665,0.81
0.4200976630090736,-0.20890625333413482,0.81
0.4201796942623332,-0.20918457365769427,0.81
0.4201796942623332,-0.20918457365769427,0.8300000000000001
0.41886719421017915,-0.20643066729826387,0.81
0.41886719421017915,-0.20587402665114496,0.81
0.418421881692484,-0.20525879225169774,0.81
0.41794141292339193,-0.204350589090609,0.81
0.4174726629047655,-0.20292969059664756,0.81
0.4174726629047655,-0.20292969059664756,0.8300000000000001
0.419183600472752,-0.20875976895331405,0.81
0.4183046941878274,-0.21047363620891701,0.81
0.4178828191710636,-0.21094238622754347,0.81
0.4175078191561624,-0.21114746436069254,0.81
0.4175078191561624,-0.21114746436069254,0.8300000000000001
0.41526953781722115,-0.20331054998678155,0.81
0.4146953190444037,-0.20455566722375806,0.81
0.41429688152857125,-0.20486328442348167,0.81
0.41429688152857125,-0.20486328442348167,0.8300000000000001
0.41284375647082927,-0.2019628936832305,0.81
0.41242188145406544,-0.20301758122514002,0.81
0.412023443938233,-0.20344238592952024,0.81
0.412023443938233,-0.20344238592952024,0.8300000000000001
0.40697266248753294,-0.20287109684431925,0.81
0.4073242250015028,-0.20269531558733433,0.81
0.40793360002571716,-0.20266601871117018,0.81
0.41071094388607887,-0.20451172190951183,0.81
0.41071094388607887,-0.20451172190951183,0.8300000000000001
0.4134648502455093,-0.20499512036622036,0.81
0.41337110024178403,-0.20569824539416004,0.81
0.4137343815062195,-0.20796875329688191,0.81
0.41422656902577726,-0.2125537144165719,0.81
0.414027350267861,-0.21376953477738425,0.81
0.414027350267861,-0.21376953477738425,0.8300000000000001
0.411882818932645,-0.2054785188229289,0.81
0.41147266266634686,-0.20596191727963742,0.81
0.40963281884323804,-0.20644531573634595,0.81
0.40963281884323804,-0.20644531573634595,0.8300000000000001
0.411882818932645,-0.20625488604127895,0.81
0.4118007876793854,-0.20651855792675633,0.81
0.4120937564410269,-0.20802734704921022,0.81
0.4120820376905613,-0.208173831430031,0.81
0.41190625643357637,-0.20843750331550837,0.81
0.41178906892891975,-0.20856933925824706,0.81
0.41081641264026986,-0.2082324251823593,0.81
0.41058203763095663,-0.20783691735414322,0.81
0.41058203763095663,-0.20783691735414322,0.8300000000000001
0.40996094385627657,-0.20670898762182333,0.81
0.4101367251132615,-0.20695801106921863,0.81
0.4102656313683838,-0.20783691735414322,0.81
0.4102890688693151,-0.20852539394400083,0.81
0.4102070376160555,-0.20881836270564236,0.81
0.4102070376160555,-0.20881836270564236,0.8300000000000001
0.4136523502529599,-0.21020996432343964,0.81
0.41338281899224966,-0.21078125340864062,0.81
0.41320703773526474,-0.210854495599051,0.81
0.4075820375117473,-0.21086914403713308,0.81
0.40700781873892994,-0.2107959018467227,0.81
0.4065273499698378,-0.21042969089467078,0.81
0.4067734437296167,-0.20971191742864903,0.81
0.4072304749977775,-0.2088476595818065,0.81
0.4072304749977775,-0.2088476595818065,0.8300000000000001
0.39997656845953317,-0.20730957358318847,0.81
0.3993320371839218,-0.20730957358318847,0.81
0.3977500058710575,-0.2059033235273091,0.81
0.3962382870609872,-0.20399902657663915,0.81
0.3955351620330475,-0.20279785465390887,0.81
0.3950312557630241,-0.20168457335967105,0.81
0.3950312557630241,-0.20168457335967105,0.8300000000000001
0.4020039122900926,-0.20500976880430244,0.81
0.4017226622789167,-0.2060937532223761,0.81
0.401125006005168,-0.20682617512647994,0.81
0.400292974722106,-0.20750000327825546,0.81
0.39874609966063873,-0.20849609706783667,0.81
0.3976093808654696,-0.20934570647659712,0.81
0.39615625580772756,-0.21072265965631232,0.81
0.3958398495451547,-0.2111767612368567,0.81
0.3957578182918951,-0.211425784684252,0.81
0.39507813076488674,-0.21420898791984655,0.81
0.39507813076488674,-0.21420898791984655,0.8300000000000001
0.39092969310004266,-0.20335449530102778,0.81
0.3902031305711716,-0.2044091828429373,0.81
0.38968750555068254,-0.20470215160457883,0.81
0.38968750555068254,-0.20470215160457883,0.8300000000000001
0.38873828676296396,-0.2021533233782975,0.81
0.3882109429920092,-0.20307617497746833,0.81
0.38777734922477974,-0.20344238592952024,0.81
0.38777734922477974,-0.20344238592952024,0.8300000000000001
0.3829140677815303,-0.2025927765207598,0.81
0.38326563029550015,-0.20241699526377488,0.81
0.3838984428206459,-0.20235840151144657,0.81
0.38689844293985515,-0.2042773469001986,0.81
0.38689844293985515,-0.2042773469001986,0.8300000000000001
0.3917968806345016,-0.20760254234483,0.81
0.39152734937379136,-0.20793945642071776,0.81
0.39129297436447813,-0.2080419954872923,0.81
0.39081250559538605,-0.20776367516373284,0.81
0.38959375554695724,-0.2067822298122337,0.81
0.38877344301436095,-0.20588867508922704,0.81
0.3885742242564447,-0.20555176101333927,0.81
0.3885742242564447,-0.20555176101333927,0.8300000000000001
0.38974609930301085,-0.20744140952592716,0.81
0.3898515680572018,-0.20776367516373284,0.81
0.38995703681139277,-0.20925781584810466,0.81
0.3902851618244313,-0.211044925294118,0.81
0.39032031807582823,-0.21201172220753506,0.81
0.39032031807582823,-0.21201172220753506,0.8300000000000001
0.3887617242638953,-0.207031253259629,0.81
0.38814063048921527,-0.20739746421168093,0.81
0.3874140679603443,-0.20720703451661393,0.81
0.3858789116493426,-0.20657715167908464,0.81
0.38427344283554704,-0.20563965164183173,0.81
0.3840039115748368,-0.20562500320374966,0.81
0.3839218803215772,-0.2060937532223761,0.81
0.3840976615785621,-0.2086718783248216,0.81
0.3840156303253025,-0.2113525424938416,0.81
0.3839218803215772,-0.21207031595986336,0.81
0.38347656780388206,-0.21300781599711627,0.81
0.38347656780388206,-0.21300781599711627,0.8300000000000001
0.3885156305041164,-0.20777832360181492,0.81
0.3883750054985285,-0.20802734704921022,0.81
0.3883867242489941,-0.20818847986811306,0.81
0.38879688051529226,-0.21047363620891701,0.81
0.38873828676296396,-0.21088379247521516,0.81
0.3883632867480628,-0.21130859717959538,0.81
0.3846953178523108,-0.21076660497055855,0.81
0.3832539115450345,-0.21040039401850663,0.81
0.38239844276104124,-0.21000488619029056,0.81
0.382164067751728,-0.2097851596190594,0.81
0.3819531302433461,-0.20940430022892542,0.81
0.3827148490236141,-0.20802734704921022,0.81
0.3827148490236141,-0.20802734704921022,0.8300000000000001
0.38780078672571106,-0.20864258144865744,0.81
0.3872734429547563,-0.20908203459111974,0.81
0.38706250544637444,-0.20912597990536597,0.81
0.38706250544637444,-0.20912597990536597,0.8300000000000001
0.38617188041098416,-0.2045996125380043,0.81
0.38605469290632755,-0.20539062819443643,0.81
0.3864414116716944,-0.20924316741002258,0.81
0.3866523491800763,-0.21293457380670588,0.81
0.3864062554202974,-0.2139892613486154,0.81
0.3864062554202974,-0.2139892613486154,0.8300000000000001
0.3857148491428234,-0.20811523767770268,0.81
0.38524609912419694,-0.20862793301057536,0.81
0.3848945366102271,-0.20877441739139613,0.81
0.3848945366102271,-0.20877441739139613,0.8300000000000001
0.3784726613550447,-0.2028417999681551,0.81
0.37783984882989896,-0.20404297189088538,0.81
0.3773710988112725,-0.20439453440485522,0.81
0.3773710988112725,-0.20439453440485522,0.8300000000000001
0.37618750501424075,-0.2020214874355588,0.81
0.3757070362451486,-0.2029736359108938,0.81
0.37528516122838484,-0.20336914373910986,0.81
0.37528516122838484,-0.20336914373910986,0.8300000000000001
0.370539067289792,-0.20268066714925226,0.81
0.3708789110532962,-0.20250488589226734,0.81
0.37148828607751055,-0.2024609405780211,0.81
0.3745351611985825,-0.2044091828429373,0.81
0.3745351611985825,-0.2044091828429373,0.8300000000000001
0.37964453640161083,-0.20782226891606115,0.81
0.3791054738801904,-0.2090966830292018,0.81
0.3786484426120296,-0.20950683929549996,0.81
0.3786484426120296,-0.20950683929549996,0.8300000000000001
0.3772890675580129,-0.20581543289881665,0.81
0.3772070363047533,-0.20613769853662234,0.81
0.3772070363047533,-0.20682617512647994,0.81
0.37788672383176164,-0.21127930030343123,0.81
0.37792188008315863,-0.2120556675217813,0.81
0.37792188008315863,-0.2120556675217813,0.8300000000000001
0.37690234879264606,-0.20852539394400083,0.81
0.37679688003845513,-0.2081591829919489,0.81
0.3766210987814702,-0.20795410485879984,0.81
0.37607031750958414,-0.20761719078291208,0.81
0.3752968799788505,-0.20694336263113655,0.81
0.3749921924667433,-0.20688476887880825,0.81
0.3750156299676746,-0.2075439485925017,0.81
0.3755429737386294,-0.20984375337138772,0.81
0.37551953623769807,-0.21028320651385002,0.81
0.37551953623769807,-0.21028320651385002,0.8300000000000001
0.376457036274951,-0.2097265658667311,0.81
0.3756015674909577,-0.21088379247521516,0.81
0.37508594247046856,-0.2111767612368567,0.81
0.37508594247046856,-0.2111767612368567,0.8300000000000001
0.3738320361706428,-0.20594726884155534,0.81
0.37364453616319226,-0.20619629228895064,0.81
0.37337500490248204,-0.20637207354593556,0.81
0.3727421923773363,-0.20624023760319687,0.81
0.3717578173382208,-0.2058447297749808,0.81
0.3710078173084185,-0.20525879225169774,0.81
0.37067969229537995,-0.2047753937949892,0.81
0.37045703603653235,-0.20414551095745992,0.81
0.37045703603653235,-0.20414551095745992,0.8300000000000001
0.3738671924220398,-0.20792480798263568,0.81
0.37346875490620735,-0.20827637049660552,0.81
0.37064453604398295,-0.208173831430031,0.81
0.37064453604398295,-0.208173831430031,0.8300000000000001
0.37440625494346025,-0.2098584018094698,0.81
0.37403125492855904,-0.21025390963768587,0.81
0.37188672359334307,-0.21018066744727548,0.81
0.371230473567266,-0.21032715182809625,0.81
0.3708437548018992,-0.21062012058973778,0.81
0.37060937979258596,-0.21125000342726707,0.81
0.37055078604025765,-0.21208496439794544,0.81
0.37064453604398295,-0.21284668317821342,0.81
0.37082031730096787,-0.21327148788259365,0.81
0.3709960985579528,-0.21350586289190687,0.81
0.37239062986336646,-0.21359375352039933,0.81
0.37239062986336646,-0.21359375352039933,0.8300000000000001
0.4266250070184469,-0.21882324591570068,0.81
0.42625000700354576,-0.2191162146773422,0.81
0.425722663232591,-0.21879394903953653,0.81
0.4246679756906815,-0.21778320681187324,0.81
0.42424610067391766,-0.21722656616475433,0.81
0.4240937569178641,-0.21683105833653826,0.81
0.4240000069141388,-0.2168017614603741,0.81
0.4240000069141388,-0.2168017614603741,0.8300000000000001
0.426554694515653,-0.22077148818061687,0.81
0.4259921944933012,-0.2220751991699217,0.81
0.4256171944784001,-0.22242676168389153,0.81
0.4256171944784001,-0.22242676168389153,0.8300000000000001
0.42467969444114717,-0.22058105848554987,0.81
0.4245156319346279,-0.22009766002884135,0.81
0.4232734443852678,-0.2192480506200809,0.81
0.42163281932007524,-0.21765137086913455,0.81
0.42076563178561627,-0.21653808957489673,0.81
0.4203320380183868,-0.21576172235654667,0.81
0.4203320380183868,-0.21576172235654667,0.8300000000000001
0.4238593819085509,-0.22028808972390834,0.81
0.4239062569104135,-0.22046387098089326,0.81
0.42332031938713044,-0.2216943397797877,0.81
0.4230390693759546,-0.22213379292225,0.81
0.4226406318601221,-0.22242676168389153,0.81
0.4226406318601221,-0.22242676168389153,0.8300000000000001
0.4213867255602963,-0.21798828494502231,0.81
0.421363288059365,-0.21820801151625346,0.81
0.4211289130500518,-0.21838379277323838,0.81
0.41896094421390445,-0.21892578498227522,0.81
0.41896094421390445,-0.21892578498227522,0.8300000000000001
0.4213046943070367,-0.21877930060145445,0.81
0.4214570380630903,-0.2190576209250139,0.81
0.42163281932007524,-0.22011230846692342,0.81
0.42179688182659447,-0.22063965223787818,0.81
0.42177344432566316,-0.22115234757075086,0.81
0.4215156318154186,-0.22145996477047447,0.81
0.42053125677630304,-0.22115234757075086,0.81
0.4203320380183868,-0.22083008193294518,0.81
0.4203320380183868,-0.22083008193294518,0.8300000000000001
0.41980469424743205,-0.21914551155350637,0.81
0.41973438174463806,-0.2193066443724092,0.81
0.42001563175581397,-0.22078613661869895,0.81
0.419980475504417,-0.22160644915129524,0.81
0.419980475504417,-0.22160644915129524,0.8300000000000001
0.42719922579126435,-0.22436035551072564,0.81
0.4271171945380047,-0.2245800820819568,0.81
0.4267539132735692,-0.22493164459592663,0.81
0.42626172575401144,-0.22477051177702378,0.81
0.4255117257242091,-0.2244482461392181,0.81
0.4242109444225207,-0.22368652735895012,0.81
0.42332031938713044,-0.22292480857868213,0.81
0.42332031938713044,-0.22292480857868213,0.8300000000000001
0.42449219443369657,-0.22422851956798695,0.81
0.42450391318416225,-0.2246972695866134,0.81
0.4249726632027887,-0.22661621497536544,0.81
0.4249726632027887,-0.22702637124166358,0.81
0.4249023506999947,-0.22721680093673058,0.81
0.4246445381897502,-0.2274511759460438,0.81
0.42350781939458104,-0.2263232462137239,0.81
0.42350781939458104,-0.2263232462137239,0.8300000000000001
0.4231093818787485,-0.22416992581565864,0.81
0.42265235061058776,-0.22462402739620302,0.81
0.421398444310762,-0.22446289457730018,0.81
0.42043750677257774,-0.2240673867490841,0.81
0.41975781924556943,-0.22349609766388312,0.81
0.4193593817297369,-0.22292480857868213,0.81
0.41898438171483576,-0.2220751991699217,0.81
0.41886719421017915,-0.22159180071321316,0.81
0.41886719421017915,-0.22159180071321316,0.8300000000000001
0.42131641305750234,-0.22484375396743417,0.81
0.4209648505435325,-0.22497558991017286,0.81
0.4204843817744404,-0.2254443399287993,0.81
0.4196992254932411,-0.2262646524613956,0.81
0.4190078192157671,-0.22715820718440227,0.81
0.41887891296064483,-0.22737793375563342,0.81
0.418527350446675,-0.22925293383013923,0.81
0.418527350446675,-0.22925293383013923,0.8300000000000001
0.4157382878358476,-0.2213134803896537,0.81
0.41521094406489284,-0.2225000038743019,0.81
0.4147773502976634,-0.22292480857868213,0.81
0.4147773502976634,-0.22292480857868213,0.8300000000000001
0.4139570377650671,-0.21863281622063369,0.81
0.4135820377501659,-0.21876465216337238,0.81
0.41335938149131835,-0.21870605841104407,0.81
0.4123398502008058,-0.21797363650694024,0.81
0.4117421939270571,-0.21785644900228363,0.81
0.4117421939270571,-0.21785644900228363,0.8300000000000001
0.4135820377501659,-0.2191894568677526,0.81
0.4134648502455093,-0.21935058968665544,0.81
0.41344141274457796,-0.21954101938172244,0.81
0.4138515690108761,-0.2225732460647123,0.81
0.41410938152112065,-0.22598633213783614,0.81
0.4139101627632044,-0.22649902747070882,0.81
0.4136523502529599,-0.2267041056038579,0.81
0.41265625646337867,-0.2256933633761946,0.81
0.41265625646337867,-0.2256933633761946,0.8300000000000001
0.4127382877166383,-0.22039062879048288,0.81
0.4123164126998745,-0.22065430067596026,0.81
0.4119414126849733,-0.2203759803524008,0.81
0.41123828765703363,-0.2196289100102149,0.81
0.41079297513933855,-0.21889648810611106,0.81
0.41079297513933855,-0.21889648810611106,0.8300000000000001
0.41278516271850096,-0.2234375039115548,0.81
0.4121171939419582,-0.22477051177702378,0.81
0.41168360017472877,-0.22516601960523985,0.81
0.41168360017472877,-0.22516601960523985,0.8300000000000001
0.40964453759370373,-0.218310550582828,0.81
0.40951563133858143,-0.21898437873460352,0.81
0.4095273500890471,-0.21936523812473752,0.81
0.4103359438711777,-0.22447754301538225,0.81
0.4103711001225747,-0.2248291055293521,0.81
0.4102773501188494,-0.22510742585291155,0.81
0.4100546938600019,-0.225385746176471,0.81
0.40890625631436706,-0.22516601960523985,0.81
0.4075117250089534,-0.22474121490085963,0.81
0.40676172497915103,-0.22430176175839733,0.81
0.40633984996238726,-0.22373047267319635,0.81
0.4065273499698378,-0.22317383202607743,0.81
0.40696094373706726,-0.222324222617317,0.81
0.40696094373706726,-0.222324222617317,0.8300000000000001
0.41156641267007216,-0.22165039446554147,0.81
0.41141406891401855,-0.22189941791293677,0.81
0.4110625064000487,-0.22216308979841415,0.81
0.4093046938301995,-0.22154785539896693,0.81
0.4083789125434123,-0.22099121475184802,0.81
0.40760547501267863,-0.22027344128582627,0.81
0.406832037481945,-0.21921875374391675,0.81
0.4065273499698378,-0.21860351934446953,0.81
0.4061992249567993,-0.21754883180256002,0.81
0.4061992249567993,-0.21754883180256002,0.8300000000000001
0.4031054748338647,-0.22510742585291155,0.81
0.40321094358805565,-0.22474121490085963,0.81
0.40326953734038395,-0.22405273831100203,0.81
0.40260156856384127,-0.22248535543621983,0.81
0.4021445372956805,-0.22109375381842256,0.81
0.40167578727705405,-0.21917480842967052,0.81
0.40167578727705405,-0.21917480842967052,0.8300000000000001
0.3991210996755399,-0.21690430052694865,0.81
0.39894531841855496,-0.21746094117406756,0.81
0.39892188091762365,-0.217929691192694,0.81
0.3992031309287995,-0.22008301159075927,0.81
0.39949609969044103,-0.22323242577840574,0.81
0.39975391220068557,-0.22705566811782774,0.81
0.39940234968671573,-0.22837402754521463,0.81
0.39940234968671573,-0.22837402754521463,0.8300000000000001
0.4020507872919552,-0.22191406635101885,0.81
0.4018632872845046,-0.22248535543621983,0.81
0.40158203727332875,-0.22261719137895852,0.81
0.39371875571087,-0.22248535543621983,0.81
0.39371875571087,-0.22248535543621983,0.8300000000000001
0.3903906305786222,-0.21853027715405915,0.81
0.3901679743197747,-0.21895508185843937,0.81
0.38976953680394216,-0.2193212928104913,0.81
0.3874023492098786,-0.21992187877185643,0.81
0.3865351616754197,-0.22030273816199042,0.81
0.3865351616754197,-0.22030273816199042,0.8300000000000001
0.3903554743272252,-0.21927734749624506,0.81
0.3902031305711716,-0.21983398814336397,0.81
0.3907890680944547,-0.2246972695866134,0.81
0.3907890680944547,-0.22534180086222477,0.81
0.39071875559166075,-0.22564941806194838,0.81
0.3902617243234999,-0.2261328165186569,0.81
0.3882695367443375,-0.22540039461455308,0.81
0.38705078669590876,-0.22479980865318794,0.81
0.3866640679305419,-0.22484375396743417,0.81
0.3866640679305419,-0.22484375396743417,0.8300000000000001
0.38856250550597904,-0.22083008193294518,0.81
0.38890234926948325,-0.22321777734032366,0.81
0.38893750552088024,-0.2238183633016888,0.81
0.38886719301808625,-0.22416992581565864,0.81
0.38886719301808625,-0.22416992581565864,0.8300000000000001
0.38706250544637444,-0.2205664100474678,0.81
0.38693359919125214,-0.22074219130445272,0.81
0.3873671929584816,-0.22430176175839733,0.81
0.3873671929584816,-0.22430176175839733,0.8300000000000001
0.3901796930702403,-0.221752933532116,0.81
0.38989844305906446,-0.22233887105539907,0.81
0.3892421930329874,-0.2224414101219736,0.81
0.38366406781133267,-0.22229492574115284,0.81
0.38341797405155376,-0.2220019569795113,0.81
0.38341797405155376,-0.2220019569795113,0.8300000000000001
0.3850117241148837,-0.21979004282911774,0.81
0.38490625536069273,-0.22084473037102725,0.81
0.3851289116195403,-0.22285156638827175,0.81
0.38542188038118186,-0.22427246488223318,0.81
0.38544531788211317,-0.22477051177702378,0.81
0.3853750053793192,-0.22512207429099362,0.81
0.3853750053793192,-0.22512207429099362,0.8300000000000001
0.38278516152640807,-0.21671387083188165,0.81
0.3826445365208201,-0.21760742555488832,0.81
0.3830195365357213,-0.22099121475184802,0.81
0.38345313030295075,-0.22724609781289473,0.81
0.38335938029922545,-0.22805176190740895,0.81
0.3831367240403779,-0.22879883224959485,0.81
0.3831367240403779,-0.22879883224959485,0.8300000000000001
0.3784726613550447,-0.2191162146773422,0.81
0.37812109884107487,-0.21952637094364036,0.81
0.37781641132896765,-0.2196875037625432,0.81
0.3775585988187231,-0.21970215220062528,0.81
0.37335156740155073,-0.21964355844829697,0.81
0.3717226610868238,-0.21942383187706582,0.81
0.37089062980376186,-0.21951172250555828,0.81
0.37089062980376186,-0.21951172250555828,0.8300000000000001
0.3783320363494568,-0.21995117564802058,0.81
0.37817969259340317,-0.22034668347623665,0.81
0.3782031300943345,-0.22063965223787818,0.81
0.37875391136622055,-0.2243164101964794,0.81
0.3785546926083043,-0.22474121490085963,0.81
0.3782734425971285,-0.22506348053866532,0.81
0.3717812548391521,-0.22520996491948608,0.81
0.3712890673195943,-0.225004886786337,0.81
0.37154687982983886,-0.22386230861593504,0.81
0.37154687982983886,-0.22386230861593504,0.8300000000000001
0.3758359425002709,-0.22009766002884135,0.81
0.37597656750585884,-0.22039062879048288,0.81
0.3762343800161034,-0.22255859762663022,0.81
0.3762343800161034,-0.22346680078771897,0.81
0.3762343800161034,-0.22346680078771897,0.8300000000000001
0.37400781742762773,-0.2200683631526772,0.81
0.37413672368275,-0.22034668347623665,0.81
0.37420703618554396,-0.22176758197019808,0.81
0.37435937994159757,-0.22291016014060006,0.81
0.3743242236902006,-0.2235107461019652,0.81
0.3743242236902006,-0.2235107461019652,0.8300000000000001
0.3714179735747166,-0.21990723033377435,0.81
0.3716289110830985,-0.22028808972390834,0.81
0.3717812548391521,-0.2220751991699217,0.81
0.3718750048428774,-0.2234375039115548,0.81
0.3717578173382208,-0.22416992581565864,0.81
0.3717578173382208,-0.22416992581565864,0.8300000000000001
0.4266484445193782,-0.23473144967283588,0.81
0.426554694515653,-0.2352734418818727,0.81
0.4265781320165843,-0.23587402784323785,0.81
0.42718750704079866,-0.23933105923060793,0.81
0.4272343820426613,-0.24037109833443537,0.81
0.4272343820426613,-0.24037109833443537,0.8300000000000001
0.4249140694504604,-0.23369141056900844,0.81
0.4245976631878875,-0.2342187543399632,0.81
0.42425781942438334,-0.23443848091119435,0.81
0.42262891310965645,-0.23483398873941042,0.81
0.4218437568284571,-0.23518555125338025,0.81
0.4218437568284571,-0.23518555125338025,0.8300000000000001
0.4247851631953381,-0.23457031685393304,0.81
0.4246914131916128,-0.23498047312023118,0.81
0.42537110071862116,-0.23921387172595132,0.81
0.42540625697001816,-0.23979980924923439,0.81
0.4253007882158272,-0.240297856144025,0.81
0.42489063194952903,-0.2407226608484052,0.81
0.4228398506180383,-0.23993164519197308,0.81
0.42231250684708355,-0.23962402799224947,0.81
0.42192578808171677,-0.2396679733064957,0.81
0.42192578808171677,-0.2396679733064957,0.8300000000000001
0.42349610064411536,-0.2356543012720067,0.81
0.42353125689551235,-0.23618164504296146,0.81
0.4238711006590165,-0.23801269980322104,0.81
0.4239062569104135,-0.2384814498218475,0.81
0.4238242256571539,-0.23883301233581733,0.81
0.4238242256571539,-0.23883301233581733,0.8300000000000001
0.4223007880966179,-0.23544922313885763,0.81
0.4221836005919613,-0.2355957075196784,0.81
0.42262891310965645,-0.23915527797362301,0.81
0.42262891310965645,-0.23915527797362301,0.8300000000000001
0.42628516325494276,-0.236474613804603,0.81
0.42605078824562953,-0.23720703570870683,0.81
0.42595703824190423,-0.2372216841467889,0.81
0.422125006839633,-0.23720703570870683,0.81
0.4210937567986548,-0.23698730913747568,0.81
0.42049610052490605,-0.23675293412816245,0.81
0.41978125674650074,-0.23619629348104354,0.81
0.41923047547461467,-0.23531738719611894,0.81
0.41865625670179724,-0.23388184026407544,0.81
0.4182109441841021,-0.23200684018956963,0.81
0.4182109441841021,-0.23200684018956963,0.8300000000000001
0.421398444310762,-0.23335449649312068,0.81
0.421363288059365,-0.2338378949498292,0.81
0.4210937567986548,-0.2346582074824255,0.81
0.42077735053608195,-0.23530273875803687,0.81
0.4191250067204237,-0.2379687544889748,0.81
0.418386725441087,-0.23950684048759285,0.81
0.4181289129308425,-0.24020996551553253,0.81
0.41798828792525455,-0.24119141086703166,0.81
0.41801172542618587,-0.24375488753139507,0.81
0.41801172542618587,-0.24375488753139507,0.8300000000000001
0.41515235031256453,-0.2365332075569313,0.81
0.41508203780977054,-0.23676758256624453,0.81
0.41460156904067846,-0.23729492633719929,0.81
0.4078632875229232,-0.2372216841467889,0.81
0.407593756262213,-0.2369140669470653,0.81
0.407593756262213,-0.2369140669470653,0.8300000000000001
0.4112500064074993,-0.2377783247939078,0.81
0.41141406891401855,-0.23807129355554935,0.81
0.41154297516914085,-0.23918457484978717,0.81
0.41177735017845407,-0.2402246139536146,0.81
0.41181250642985107,-0.24125000461935997,0.81
0.41181250642985107,-0.24125000461935997,0.8300000000000001
0.4070781312417239,-0.2319628948753234,0.81
0.4068906312342733,-0.23250488708436023,0.81
0.40684375623241065,-0.23310547304572538,0.81
0.40720703749684617,-0.23670898881391622,0.81
0.4075468812603503,-0.24231934059935156,0.81
0.40716016249498355,-0.24365234846482053,0.81
0.40716016249498355,-0.24365234846482053,0.8300000000000001
0.3986054746550508,-0.2317724651802564,0.81
0.3983593808952719,-0.23282715272216592,0.81
0.39871094340924174,-0.23610840285255108,0.81
0.3990859434241429,-0.2421142624662025,0.81
0.39869922465877605,-0.24347656720783561,0.81
0.39869922465877605,-0.24347656720783561,0.8300000000000001
0.3901328180683777,-0.23550781689118594,0.81
0.3902968805748969,-0.23574219190049917,0.81
0.3904609430814162,-0.2372802778991172,0.81
0.39088281809818,-0.2398584030015627,0.81
0.39077734934398906,-0.24018066863936838,0.81
0.3904257868300192,-0.24053223115333822,0.81
0.3896406305488199,-0.24009277801087592,0.81
0.3893710992881097,-0.23962402799224947,0.81
0.3893710992881097,-0.23962402799224947,0.8300000000000001
0.38865625550970434,-0.2352880903199548,0.81
0.3885507867555134,-0.2354052778246114,0.81
0.3885859430069104,-0.23583008252899162,0.81
0.38905469302553686,-0.2396093795541674,0.81
0.3890664117760025,-0.240297856144025,0.81
0.38896094302181156,-0.24063477021991275,0.81
0.38896094302181156,-0.24063477021991275,0.8300000000000001
0.3907890680944547,-0.23442383247311227,0.81
0.39054297433467583,-0.23474609811091796,0.81
0.390156255569309,-0.23495117624406703,0.81
0.38783594297710805,-0.23451172310160473,0.81
0.38605469290632755,-0.23394043401640374,0.81
0.3848359428578988,-0.2332812543027103,0.81
0.3840625053271651,-0.23273926209367346,0.81
0.3830781302880496,-0.2318457073706668,0.81
0.38253906776662916,-0.23120117609505542,0.81
0.38253906776662916,-0.23120117609505542,0.8300000000000001
0.38702734919497744,-0.2362255903572077,0.81
0.38696875544264914,-0.23637207473802846,0.81
0.38695703669218345,-0.23713379351829644,0.81
0.38735547420801597,-0.23949219204951078,0.81
0.38735547420801597,-0.24019531707745045,0.81
0.38735547420801597,-0.24019531707745045,0.8300000000000001
0.38519922412233426,-0.23429199653037358,0.81
0.38510547411860896,-0.23468750435858965,0.81
0.38510547411860896,-0.23511230906296987,0.81
0.3854101616307162,-0.23711914508021437,0.81
0.385796880396083,-0.24126465305744205,0.81
0.3857382866437547,-0.2418652390188072,0.81
0.3855859428877011,-0.2424218796659261,0.81
0.3855859428877011,-0.2424218796659261,0.8300000000000001
0.38511719286907464,-0.2380419966793852,0.81
0.3848828178597614,-0.23748535603226628,0.81
0.38410938032902775,-0.2368408247566549,0.81
0.38333594279829414,-0.2360351606621407,0.81
0.3828671927796677,-0.23581543409090955,0.81
0.3828671927796677,-0.23645996536652092,0.81
0.3834062553010881,-0.24000488738238346,0.81
0.3833125052973628,-0.240107426448958,0.81
0.3833125052973628,-0.240107426448958,0.8300000000000001
0.38441406784113497,-0.23955078580183908,0.81
0.38347656780388206,-0.24069336397224106,0.81
0.3829843802843243,-0.2411621139908675,0.81
0.38239844276104124,-0.2414843796286732,0.81
0.382093755248934,-0.2414843796286732,0.81
0.382093755248934,-0.2414843796286732,0.8300000000000001
0.37600000500679015,-0.2314648479805328,0.81
0.3759296925039962,-0.23216797300847247,0.81
0.3765039112768136,-0.2350390668725595,0.81
0.3765390675282106,-0.23581543409090955,0.81
0.3765390675282106,-0.23581543409090955,0.8300000000000001
0.3793867238913663,-0.23386719182599336,0.81
0.3791054738801904,-0.23429199653037358,0.81
0.3787421926157549,-0.23462891060626134,0.81
0.3726953173754737,-0.23432129340653773,0.81
0.3710195360588841,-0.23410156683530658,0.81
0.36997656726744027,-0.2340869183972245,0.81
0.36997656726744027,-0.2340869183972245,0.8300000000000001
0.37590625500306485,-0.23410156683530658,0.81
0.37582422374980523,-0.23395508245448582,0.81
0.3750156299676746,-0.2337793011975009,0.81
0.37425391118740664,-0.23331055117887445,0.81
0.37307031739037483,-0.2323437542654574,0.81
0.3719335985952057,-0.23112793390464503,0.81
0.3719335985952057,-0.23112793390464503,0.8300000000000001
0.374863286211621,-0.23480469186324626,0.81
0.374828129960224,-0.2349658246821491,0.81
0.3746289112023078,-0.2350390668725595,0.81
0.37414844243321566,-0.23580078565282747,0.81
0.3738554736715741,-0.2359765669098124,0.81
0.3738554736715741,-0.2359765669098124,0.8300000000000001
0.37815625509247186,-0.23714844195637852,0.81
0.37783984882989896,-0.23770508260349743,0.81
0.3775351613177918,-0.23801269980322104,0.81
0.3775351613177918,-0.23801269980322104,0.8300000000000001
0.3789882863755338,-0.24122070774319582,0.81
0.37863672386156394,-0.24144043431442697,0.81
0.3777460988261737,-0.24020996551553253,0.81
0.3777460988261737,-0.24020996551553253,0.8300000000000001
0.3764921925263479,-0.23648926224268507,0.81
0.376421880023554,-0.2368408247566549,0.81
0.376457036274951,-0.23755859822267666,0.81
0.37701953629730267,-0.24101562961004674,0.81
0.37705469254869967,-0.2417334030760685,0.81
0.37698438004590573,-0.2421728562185308,0.81
0.37698438004590573,-0.2421728562185308,0.8300000000000001
0.3796796926530078,-0.2387890670215711,0.81
0.3794921926455572,-0.23914062953554094,0.81
0.3791640676325187,-0.2394189498591004,0.81
0.3759296925039962,-0.23919922328786924,0.81
0.3746406299527735,-0.23927246547827963,0.81
0.3746406299527735,-0.23927246547827963,0.8300000000000001
0.37635156752076,-0.2389062545262277,0.81
0.37523828622652217,-0.23773437947966158,0.81
0.374828129960224,-0.23706055132788606,0.81
0.3748046924592927,-0.23689941850898322,0.81
0.3747109424555674,-0.2368408247566549,0.81
0.3745937549509108,-0.23650391068076715,0.81
0.3745937549509108,-0.23650391068076715,0.8300000000000001
0.376457036274951,-0.2396093795541674,0.81
0.37590625500306485,-0.24019531707745045,0.81
0.37513281747233124,-0.24136719212401658,0.81
0.3749218799639493,-0.24224609840894118,0.81
0.3748046924592927,-0.2436084031505743,0.81
0.3748046924592927,-0.2436084031505743,0.8300000000000001
0.37445312994532287,-0.23837891075527295,0.81
0.37427734868833795,-0.2385986373265041,0.81
0.37400781742762773,-0.23874512170732487,0.81
0.3721093798521906,-0.23788086386048235,0.81
0.37089062980376186,-0.2405468795914203,0.81
0.3704218797851354,-0.24130859837168828,0.81
0.36982422351138666,-0.24190918433305342,0.81
0.36982422351138666,-0.24190918433305342,0.8300000000000001
0.37370312991552057,-0.24009277801087592,0.81
0.37360937991179527,-0.24028320770594291,0.81
0.37330469239968805,-0.24051758271525614,0.81
0.37276562987826767,-0.2404150436486816,0.81
0.371992192347534,-0.24001953582046553,0.81
0.3711367235635407,-0.23924316860211547,0.81
0.3708085985505022,-0.23870117639307864,0.81
0.37050391103839503,-0.23792480917472858,0.81
0.3702695360290818,-0.23688477007090114,0.81
0.3702460985281505,-0.23613769972871523,0.81
0.3702460985281505,-0.23613769972871523,0.8300000000000001
0.3730000048875809,-0.23556641064351425,0.81
0.3728945361333899,-0.236093754414469,0.81
0.37331641115015374,-0.23950684048759285,0.81
0.3735390674090013,-0.24245117654209025,0.81
0.37335156740155073,-0.243549809398246,0.81
0.37335156740155073,-0.243549809398246,0.8300000000000001
0.37335156740155073,-0.243549809398246,0.8300000000000001
